data,sleep_hours,resting_heart_rate,steps,mood (1-5)
2026-02-08,5.6,68.7,1466,1.1
2026-02-09,6.2,73.0,10444,4.0
2026-02-10,8.0,70.6,12311,5.0
2026-02-11,7.3,73.6,10385,3.8
2026-02-12,6.0,74.4,14849,2.6
2026-02-13,9.8,67.4,8806,3.6
2026-02-14,8.5,72.2,13975,3.7
2026-02-15,9.0,67.7,7646,2.9
2026-02-16,3.5,70.2,3612,1.3
2026-02-17,4.7,74.8,2478,1.9
2026-02-18,8.8,70.8,8585,4.2
2026-02-19,5.2,68.5,4461,1.3
2026-02-20,7.0,65.5,7995,4.0
2026-02-21,9.5,68.9,11551,3.9
2026-02-22,6.6,72.8,11887,3.4
2026-02-23,5.0,76.9,1379,1.4
2026-02-24,5.1,66.4,3695,1.0
2026-02-25,8.7,67.9,13736,4.3
2026-02-26,8.5,74.1,14161,2.8
2026-02-27,9.0,72.5,12959,3.6
2026-02-28,3.7,76.4,1804,2.1
2026-03-01,7.5,68.6,8570,3.7
2026-03-02,3.8,74.9,1502,2.2
2026-03-03,6.5,74.4,11488,4.3
2026-03-04,3.8,67.9,1863,2.0
2026-03-05,5.2,71.2,5191,2.0
2026-03-06,4.0,74.6,5636,1.3
2026-03-07,3.5,78.9,2722,2.0
2026-03-08,9.2,67.6,10060,4.7
2026-03-09,8.6,74.7,10627,3.5
